1.897,-1.964,1.5796,0,0,0,0,1.5708,0
1.897,-1.964,1.5796,0,0,0,0,1.5708,0
1.897,-1.964,1.5796,0,0,0,0,1.5708,0
1.899,-1.901,1.4704,0,0,0,0,1.5708,0
1.942,-1.728,1.2131,0,0,0,0,1.5708,0
2.097,-1.442,0.95365,0,0,0,0,1.5708,0
2.406,-1.097,0.75667,0,0,0,0,1.5708,0
2.79,-0.768,0.67743,0,0,0,0,1.5708,0
3.161,-0.468,0.69848,0,0,0,0,1.5708,0
3.397,-0.259,0.75801,0,0,0,0,1.5708,0
3.552,-0.103,0.82102,0,0,0,0,1.5708,0
3.608,-0.041,0.86202,0,0,0,0,1.5708,0
3.608,-0.04,0.93557,0,0,0,0,1.5708,0
3.608,-0.04,1.1012,0,0,0,0,1.5708,0
3.608,-0.04,1.2654,0,0,0,0,1.5708,0
3.608,-0.04,1.4368,0,0,0,0,1.5708,0
3.608,-0.04,1.5706,0,0,0,0,1.5708,0
3.608,-0.04,1.5706,0,0,0,0,1.5708,0
3.608,-0.04,1.5706,0,0,0,0,1.5708,0
3.608,-0.039,1.5707,0,0,0,0,1.5708,0
3.608,0.062,1.572,0,0,0,0,1.5708,0
3.608,0.26,1.5729,0,0,0,0,1.5708,0
3.607,0.599,1.5737,0,0,0,0,1.5708,0
3.606,1.018,1.574,0,0,0,0,1.5708,0
3.604,1.5,1.5741,0,0,0,0,1.5708,0
3.602,2.005,1.574,0,0,0,0,1.5708,0
3.601,2.432,1.5738,0,0,0,0,1.5708,0
3.6,2.735,1.5736,0,0,0,0,1.5708,0
3.6,2.915,1.5735,0,0,0,0,1.5708,0
3.599,2.952,1.5735,0,0,0,0,1.5708,0
3.599,2.952,1.5735,0,0,0,0,1.5708,0
3.599,2.952,1.5735,0,0,0,0,1.5708,0
3.599,2.943,1.5648,0,0,0,0,1.5708,0
3.589,2.843,1.376,0,0,0,0,1.5708,0
3.52,2.641,1.129,0,0,0,0,1.5708,0
3.304,2.315,0.86792,0,0,0,0,1.5708,0
2.953,1.968,0.71429,0,0,0,0,1.5708,0
2.573,1.657,0.6752,0,0,0,0,1.5708,0
2.278,1.414,0.71269,0,0,0,0,1.5708,0
2.086,1.239,0.77243,0,0,0,0,1.5708,0
1.989,1.139,0.82277,0,0,0,0,1.5708,0
1.937,1.081,0.85718,0,0,0,0,1.5708,0
1.897,1.035,0.87568,0,0,0,0,1.5708,0
1.897,1.035,0.96382,0,0,0,0,1.5708,0
1.897,1.035,1.1213,0,0,0,0,1.5708,0
1.897,1.035,1.2937,0,0,0,0,1.5708,0
1.897,1.035,1.4488,0,0,0,0,1.5708,0
1.897,1.035,1.5477,-0.036543,0.011632,0,0,1.5598,0.036543
1.897,1.035,1.5477,-0.93463,0.2975,0,0,1.2907,0.93463
1.897,1.035,1.5477,-1.5698,0.49968,0,0,1.1003,1.5698
1.897,1.035,1.5477,-1.5708,0.56913,0,0,1.0078,1.5708
1.897,1.035,1.5477,-1.5708,0.77054,0,0,0.73928,1.5708
1.897,1.035,1.5477,-1.5708,0.79302,0,0,0.70931,1.5708
1.897,1.035,1.5477,-1.5708,0.6215,0,0,0.938,1.5708
1.897,1.035,1.5477,-1.5708,0.50019,0,0,1.0997,1.5708
1.897,1.035,1.5477,-1.2088,0.38478,0,0,1.2085,1.2088
1.897,1.035,1.5477,-0.15426,0.049104,0,0,1.5246,0.15426
1.897,1.035,1.5624,0,0,0,0,1.5708,0
1.897,1.035,1.5624,0,0,0,0,1.5708,0
1.897,1.035,1.5624,0,0,0,0,1.5708,0
1.897,1.035,1.5624,0,0,0,0,1.5708,0
1.899,1.078,1.4934,0,0,0,0,1.5708,0
1.928,1.217,1.2609,0,0,0,0,1.5708,0
2.064,1.492,0.98833,0,0,0,0,1.5708,0
2.344,1.826,0.78465,0,0,0,0,1.5708,0
2.701,2.146,0.69323,0,0,0,0,1.5708,0
3.087,2.463,0.69679,0,0,0,0,1.5708,0
3.357,2.7,0.75346,0,0,0,0,1.5708,0
3.525,2.867,0.81366,0,0,0,0,1.5708,0
3.603,2.953,0.85874,0,0,0,0,1.5708,0
3.608,2.959,0.90377,0,0,0,0,1.5708,0
3.608,2.959,1.0711,0,0,0,0,1.5708,0
3.608,2.959,1.2355,0,0,0,0,1.5708,0
3.608,2.959,1.399,0,0,0,0,1.5708,0
3.608,2.959,1.557,0,0,0,0,1.5708,0
3.608,2.959,1.557,0,0,0,0,1.5708,0
3.608,2.959,1.557,0,0,0,0,1.5708,0
3.607,2.897,1.561,0,0,0,0,1.5708,0
3.606,2.709,1.5648,0,0,0,0,1.5708,0
3.604,2.412,1.5674,0,0,0,0,1.5708,0
3.603,1.997,1.5692,0,0,0,0,1.5708,0
3.603,1.515,1.5698,0,0,0,0,1.5708,0
3.602,1.034,1.5695,0,0,0,0,1.5708,0
3.602,0.588,1.5687,0,0,0,0,1.5708,0
3.601,0.287,1.568,0,0,0,0,1.5708,0
3.6,0.107,1.5675,0,0,0,0,1.5708,0
3.6,0.065,1.5674,0,0,0,0,1.5708,0
3.6,0.065,1.5674,0,0,0,0,1.5708,0
3.6,0.065,1.5674,0,0,0,0,1.5708,0
3.6,0.044,1.5415,0,0,0,0,1.5708,0
3.584,-0.071,1.3309,0,0,0,0,1.5708,0
3.481,-0.32,1.0581,0,0,0,0,1.5708,0
3.259,-0.627,0.85436,0,0,0,0,1.5708,0
2.89,-0.995,0.73459,0,0,0,0,1.5708,0
2.543,-1.3,0.72155,0,0,0,0,1.5708,0
2.241,-1.577,0.77088,0,0,0,0,1.5708,0
2.063,-1.76,0.82723,0,0,0,0,1.5708,0
1.96,-1.877,0.87527,0,0,0,0,1.5708,0
1.915,-1.932,0.90234,0,0,0,0,1.5708,0
1.892,-1.961,0.92227,0,0,0,0,1.5708,0
1.892,-1.961,1.0527,0,0,0,0,1.5708,0
1.892,-1.961,1.2179,0,0,0,0,1.5708,0
1.892,-1.961,1.3818,0,0,0,0,1.5708,0
1.892,-1.961,1.5461,0,0,0,0,1.5708,0
1.892,-1.961,1.5461,-0.46575,0.1186,0,0,1.4905,0.46575
1.892,-1.961,1.5461,-1.4748,0.37556,0,0,1.3165,1.4748
1.892,-1.961,1.5461,-1.5708,0.40461,0,0,1.2908,1.5708
1.892,-1.961,1.5461,-1.5708,0.46684,0,0,1.1663,1.5708
1.892,-1.961,1.5461,-1.5708,0.5,0,0,1.1,1.5708
1.892,-1.961,1.5461,-1.5708,0.47035,0,0,1.1593,1.5708
1.892,-1.961,1.5461,-1.5708,0.40611,0,0,1.2878,1.5708
1.892,-1.961,1.5461,-1.4983,0.38154,0,0,1.3125,1.4983
1.892,-1.961,1.5461,-0.52094,0.13266,0,0,1.481,0.52094
1.892,-1.961,1.5461,1.7764e-15,-3.3307e-16,0,0,1.5708,-1.7764e-15
1.892,-1.961,1.5647,0,0,0,0,1.5708,0
1.892,-1.961,1.5647,0,0,0,0,1.5708,0
1.894,-1.913,1.4865,0,0,0,0,1.5708,0
1.929,-1.758,1.2372,0,0,0,0,1.5708,0
2.068,-1.488,0.97763,0,0,0,0,1.5708,0
2.338,-1.169,0.78288,0,0,0,0,1.5708,0
2.735,-0.818,0.68527,0,0,0,0,1.5708,0
3.116,-0.508,0.69637,0,0,0,0,1.5708,0
3.366,-0.288,0.75231,0,0,0,0,1.5708,0
3.536,-0.12,0.81528,0,0,0,0,1.5708,0
3.604,-0.044,0.85741,0,0,0,0,1.5708,0
3.608,-0.04,0.91338,0,0,0,0,1.5708,0
3.608,-0.04,1.0765,0,0,0,0,1.5708,0
3.608,-0.04,1.2409,0,0,0,0,1.5708,0
3.608,-0.04,1.4043,0,0,0,0,1.5708,0
